8
7
4
6
4
11
10
5
7
2
10
11
10
8
4
25
9
7
8
6
11
9
5
10
4
9
5
4
6
5
13
10
6
9
7
6
4
6
7
5
7
5
3
6
6
10
7
5
10
4
12
11
7
10
6
7
8
6
6
3
16
12
6
18
5
14
17
7
13
11
8
4
4
7
2
10
7
4
9
4
11
10
10
8
5
11
7
4
16
4
6
4
2
6
4
0
0
0
0
0
10
10
6
10
8
13
10
7
11
4
0
0
0
0
0
12
12
8
12
5
12
11
6
11
5
0
0
0
0
0
10
10
6
12
8
24
21
9
14
11
12
10
7
11
5
9
8
5
12
5
9
6
4
7
5
10
8
4
10
4
35
12
8
17
8
0
0
0
0
0
15
10
6
10
6
16
16
5
11
4
10
8
6
10
4
11
11
7
10
9
6
7
4
6
6
9
7
6
7
5
17
11
6
10
5
10
10
6
8
5
21
16
6
15
4
14
10
6
9
6
10
5
2
6
3
10
11
8
12
5
8
9
5
8
4
10
10
6
9
7
10
5
4
8
3
9
5
4
7
2
11
10
6
9
5
13
9
6
10
5
0
0
0
0
0
7
6
2
8
6
11
14
8
12
6
10
10
6
9
4
12
9
6
9
7
12
9
6
8
5
10
10
7
10
5
13
9
8
13
7
8
11
5
8
5
17
9
7
10
7
6
7
5
8
5
12
7
5
9
6
11
12
6
12
6
13
17
10
11
4
9
9
3
6
5
11
10
6
10
7
0
0
0
0
0
10
10
4
9
4
10
8
8
10
5
25
12
6
7
4
17
9
7
10
6
11
10
7
12
8
12
10
8
11
6
11
9
7
11
6
16
8
6
11
5
6
4
2
6
2
11
12
6
11
4
8
6
4
6
4
9
7
5
8
8
13
8
11
13
6
12
11
7
11
7
25
16
8
12
8
9
7
6
10
4
19
15
12
10
12
10
11
10
10
4
15
8
4
10
5
9
6
5
8
4
8
6
4
8
8
16
23
15
10
7
10
8
10
10
4
6
4
2
4
2
11
21
6
11
4
12
8
5
10
4
18
14
11
12
4
13
11
4
8
4
10
8
6
9
4
6
4
2
6
2
